,cat_1,cat_2,cat_3,total,Review_Count_one,Rating_one,Review_Count_two,Rating_two,Review_Count_three,Rating_three,total_review_count,total_rating,avg_review_count,avg_rating
American (Traditional),44.0,52.0,30.0,126.0,10640.0,156.0,13204.0,180.5,7974.0,102.0,31818.0,438.5,252.52380952380952,3.4801587301587302
Pizza,66.0,32.0,10.0,108.0,12911.0,234.0,6419.0,114.0,2399.0,36.5,21729.0,384.5,201.19444444444446,3.560185185185185
Breakfast & Brunch,14.0,41.0,39.0,94.0,3808.0,50.5,10459.0,151.0,13204.0,143.0,27471.0,344.5,292.24468085106383,3.6648936170212765
Italian,51.0,27.0,11.0,89.0,11070.0,185.0,6696.0,96.0,1474.0,41.5,19240.0,322.5,216.17977528089887,3.6235955056179776
American (New),53.0,24.0,10.0,87.0,16960.0,184.0,7705.0,90.5,2508.0,37.0,27173.0,311.5,312.3333333333333,3.5804597701149423
Bars,27.0,33.0,24.0,84.0,7975.0,95.5,8409.0,122.5,10022.0,89.5,26406.0,307.5,314.35714285714283,3.6607142857142856
Sandwiches,11.0,27.0,44.0,82.0,2016.0,38.5,4483.0,99.5,7590.0,159.5,14089.0,297.5,171.8170731707317,3.6280487804878048
Chinese,60.0,14.0,4.0,78.0,11194.0,201.0,3508.0,49.0,642.0,14.5,15344.0,264.5,196.71794871794873,3.391025641025641
Sushi Bars,41.0,25.0,8.0,74.0,11272.0,153.5,6878.0,92.5,2755.0,29.0,20905.0,275.0,282.5,3.7162162162162162
Seafood,17.0,28.0,27.0,72.0,5110.0,58.0,10632.0,104.5,9825.0,99.5,25567.0,262.0,355.09722222222223,3.638888888888889
Mexican,43.0,12.0,7.0,62.0,11704.0,147.5,2253.0,39.5,2191.0,26.0,16148.0,213.0,260.4516129032258,3.435483870967742
Korean,47.0,8.0,4.0,59.0,16396.0,174.0,1273.0,29.5,591.0,16.5,18260.0,220.0,309.49152542372883,3.7288135593220337
Thai,47.0,7.0,4.0,58.0,11873.0,173.0,1487.0,25.5,1231.0,16.0,14591.0,214.5,251.56896551724137,3.6982758620689653
Japanese,27.0,25.0,5.0,57.0,7667.0,101.0,8628.0,92.5,1178.0,16.0,17473.0,209.5,306.5438596491228,3.675438596491228
Salad,13.0,27.0,14.0,54.0,1247.0,46.0,3760.0,103.0,3548.0,50.0,8555.0,199.0,158.42592592592592,3.685185185185185
Mediterranean,24.0,21.0,6.0,51.0,3707.0,94.0,5764.0,78.0,882.0,20.0,10353.0,192.0,203.0,3.764705882352941
Burgers,25.0,11.0,14.0,50.0,5661.0,89.5,3424.0,39.5,2602.0,48.5,11687.0,177.5,233.74,3.55
Chicken Wings,16.0,17.0,9.0,42.0,2357.0,43.0,3129.0,61.5,1322.0,33.5,6808.0,138.0,162.0952380952381,3.2857142857142856
Latin American,21.0,17.0,3.0,41.0,2110.0,75.0,2493.0,62.5,359.0,11.0,4962.0,148.5,121.02439024390245,3.6219512195121952
Delis,24.0,8.0,7.0,39.0,2309.0,89.5,886.0,33.0,515.0,24.0,3710.0,146.5,95.12820512820512,3.7564102564102564
Asian Fusion,11.0,15.0,11.0,37.0,3362.0,38.5,4274.0,58.0,2471.0,41.5,10107.0,138.0,273.1621621621622,3.72972972972973
Sports Bars,11.0,17.0,7.0,35.0,3006.0,41.0,4191.0,52.5,1137.0,25.5,8334.0,119.0,238.11428571428573,3.4
Vietnamese,26.0,3.0,1.0,30.0,4770.0,99.0,1324.0,12.5,136.0,4.0,6230.0,115.5,207.66666666666666,3.85
Barbeque,14.0,12.0,3.0,29.0,3692.0,54.5,5391.0,42.5,2330.0,10.5,11413.0,107.5,393.55172413793105,3.706896551724138
Coffee & Tea,12.0,10.0,7.0,29.0,2691.0,47.5,2148.0,39.0,1327.0,27.0,6166.0,113.5,212.6206896551724,3.913793103448276
Cafes,13.0,12.0,4.0,29.0,961.0,45.5,2617.0,44.0,647.0,14.5,4225.0,104.0,145.68965517241378,3.586206896551724
Indian,27.0,1.0,0.0,28.0,6794.0,102.5,95.0,4.5,0.0,0.0,6889.0,107.0,246.03571428571428,3.8214285714285716
Ethiopian,26.0,1.0,0.0,27.0,3186.0,105.0,25.0,4.5,0.0,0.0,3211.0,109.5,118.92592592592592,4.055555555555555
Wine Bars,7.0,13.0,6.0,26.0,1747.0,27.0,5364.0,50.5,1832.0,22.5,8943.0,100.0,343.96153846153845,3.8461538461538463
Cocktail Bars,2.0,9.0,15.0,26.0,162.0,7.5,3916.0,34.5,5183.0,56.5,9261.0,98.5,356.1923076923077,3.7884615384615383
Vegetarian,5.0,10.0,10.0,25.0,1742.0,18.5,1338.0,37.0,2072.0,38.5,5152.0,94.0,206.08,3.76
Noodles,1.0,12.0,12.0,25.0,293.0,4.0,2981.0,44.0,3691.0,47.5,6965.0,95.5,278.6,3.82
Middle Eastern,17.0,3.0,4.0,24.0,2690.0,58.5,301.0,12.0,244.0,15.5,3235.0,86.0,134.79166666666666,3.5833333333333335
Greek,13.0,7.0,2.0,22.0,3723.0,53.0,1078.0,24.5,522.0,7.0,5323.0,84.5,241.95454545454547,3.840909090909091
Tex-Mex,10.0,6.0,6.0,22.0,2814.0,36.5,2346.0,22.0,1313.0,21.5,6473.0,80.0,294.22727272727275,3.6363636363636362
Steakhouses,12.0,6.0,3.0,21.0,3135.0,41.0,2428.0,21.0,1769.0,10.0,7332.0,72.0,349.14285714285717,3.4285714285714284
Halal,2.0,13.0,5.0,20.0,2088.0,8.0,2472.0,50.0,844.0,18.0,5404.0,76.0,270.2,3.8
Desserts,3.0,10.0,5.0,18.0,1175.0,10.0,2089.0,39.0,772.0,21.0,4036.0,70.0,224.22222222222223,3.888888888888889
Bakeries,11.0,5.0,2.0,18.0,2142.0,39.5,273.0,16.5,140.0,6.5,2555.0,62.5,141.94444444444446,3.4722222222222223
Soup,0.0,4.0,13.0,17.0,0.0,0.0,328.0,14.5,2821.0,45.5,3149.0,60.0,185.23529411764707,3.5294117647058822
Buffets,4.0,7.0,6.0,17.0,405.0,12.0,1607.0,22.0,1731.0,23.0,3743.0,57.0,220.1764705882353,3.3529411764705883
French,13.0,3.0,1.0,17.0,4053.0,47.5,1443.0,12.0,299.0,4.0,5795.0,63.5,340.88235294117646,3.735294117647059
Ramen,6.0,5.0,4.0,15.0,2522.0,22.5,2409.0,19.5,920.0,14.0,5851.0,56.0,390.06666666666666,3.7333333333333334
Fast Food,3.0,11.0,1.0,15.0,422.0,11.0,925.0,38.0,182.0,4.0,1529.0,53.0,101.93333333333334,3.533333333333333
Lounges,4.0,8.0,2.0,14.0,575.0,14.0,816.0,26.0,53.0,7.5,1444.0,47.5,103.14285714285714,3.392857142857143
Food Trucks,9.0,4.0,0.0,13.0,634.0,38.5,403.0,16.5,0.0,0.0,1037.0,55.0,79.76923076923077,4.230769230769231
Grocery,12.0,1.0,0.0,13.0,798.0,44.0,145.0,3.5,0.0,0.0,943.0,47.5,72.53846153846153,3.6538461538461537
Diners,8.0,4.0,0.0,12.0,2355.0,26.5,1783.0,15.5,0.0,0.0,4138.0,42.0,344.8333333333333,3.5
Vegan,3.0,6.0,3.0,12.0,1054.0,13.0,1100.0,23.5,763.0,12.5,2917.0,49.0,243.08333333333334,4.083333333333333
Peruvian,10.0,2.0,0.0,12.0,962.0,33.5,564.0,7.0,0.0,0.0,1526.0,40.5,127.16666666666667,3.375
Tapas/Small Plates,4.0,1.0,7.0,12.0,1085.0,17.0,416.0,4.0,1974.0,27.5,3475.0,48.5,289.5833333333333,4.041666666666667
Salvadoran,3.0,6.0,2.0,11.0,324.0,11.0,1123.0,20.5,34.0,7.5,1481.0,39.0,134.63636363636363,3.5454545454545454
Chicken Shop,2.0,2.0,7.0,11.0,162.0,7.5,149.0,6.5,1785.0,25.0,2096.0,39.0,190.54545454545453,3.5454545454545454
"Beer, Wine & Spirits",7.0,4.0,0.0,11.0,596.0,30.5,66.0,16.0,0.0,0.0,662.0,46.5,60.18181818181818,4.2272727272727275
Persian/Iranian,5.0,5.0,0.0,10.0,792.0,18.5,991.0,16.5,0.0,0.0,1783.0,35.0,178.3,3.5
Venues & Event Spaces,0.0,6.0,4.0,10.0,0.0,0.0,1481.0,19.5,1475.0,14.5,2956.0,34.0,295.6,3.4
Pubs,5.0,5.0,0.0,10.0,707.0,18.0,897.0,19.5,0.0,0.0,1604.0,37.5,160.4,3.75
Spanish,6.0,2.0,2.0,10.0,1951.0,22.5,551.0,6.5,667.0,8.5,3169.0,37.5,316.9,3.75
Portuguese,6.0,2.0,2.0,10.0,1555.0,21.5,301.0,7.0,147.0,7.0,2003.0,35.5,200.3,3.55
Himalayan/Nepalese,3.0,7.0,0.0,10.0,683.0,12.5,1317.0,27.5,0.0,0.0,2000.0,40.0,200.0,4.0
Dim Sum,8.0,1.0,0.0,9.0,2636.0,27.0,104.0,4.0,0.0,0.0,2740.0,31.0,304.44444444444446,3.4444444444444446
Beer Bar,0.0,4.0,5.0,9.0,0.0,0.0,766.0,16.0,1481.0,19.5,2247.0,35.5,249.66666666666666,3.9444444444444446
Irish,5.0,3.0,1.0,9.0,1260.0,18.5,926.0,11.5,68.0,5.0,2254.0,35.0,250.44444444444446,3.888888888888889
Hookah Bars,6.0,1.0,2.0,9.0,460.0,24.0,31.0,3.5,290.0,7.0,781.0,34.5,86.77777777777777,3.8333333333333335
South African,2.0,5.0,1.0,8.0,204.0,6.5,1507.0,18.0,74.0,3.0,1785.0,27.5,223.125,3.4375
Karaoke,3.0,3.0,2.0,8.0,252.0,10.0,488.0,10.5,452.0,7.5,1192.0,28.0,149.0,3.5
Afghan,6.0,2.0,0.0,8.0,1003.0,23.5,79.0,8.5,0.0,0.0,1082.0,32.0,135.25,4.0
Caterers,2.0,3.0,3.0,8.0,344.0,7.5,452.0,11.0,88.0,11.0,884.0,29.5,110.5,3.6875
Gluten-Free,1.0,3.0,3.0,7.0,24.0,4.0,399.0,13.0,669.0,11.5,1092.0,28.5,156.0,4.071428571428571
Hot Pot,4.0,2.0,1.0,7.0,1269.0,16.0,1269.0,7.5,129.0,4.5,2667.0,28.0,381.0,4.0
Cantonese,0.0,6.0,1.0,7.0,0.0,0.0,1896.0,20.5,317.0,3.0,2213.0,23.5,316.14285714285717,3.357142857142857
Hawaiian,2.0,5.0,0.0,7.0,122.0,9.0,465.0,21.5,0.0,0.0,587.0,30.5,83.85714285714286,4.357142857142857
Comfort Food,3.0,1.0,2.0,6.0,445.0,12.0,594.0,3.5,569.0,7.5,1608.0,23.0,268.0,3.8333333333333335
Poke,4.0,2.0,0.0,6.0,677.0,17.0,122.0,9.0,0.0,0.0,799.0,26.0,133.16666666666666,4.333333333333333
Pakistani,2.0,2.0,1.0,5.0,291.0,7.5,2194.0,7.5,214.0,4.0,2699.0,19.0,539.8,3.8
Lebanese,2.0,2.0,1.0,5.0,224.0,7.5,610.0,7.0,175.0,3.0,1009.0,17.5,201.8,3.5
Cajun/Creole,1.0,3.0,1.0,5.0,469.0,4.0,590.0,11.0,155.0,4.0,1214.0,19.0,242.8,3.8
Cheesesteaks,2.0,2.0,1.0,5.0,158.0,7.0,84.0,6.0,32.0,3.5,274.0,16.5,54.8,3.3
Gastropubs,2.0,3.0,0.0,5.0,675.0,7.0,568.0,12.5,0.0,0.0,1243.0,19.5,248.6,3.9
Cuban,4.0,1.0,0.0,5.0,1354.0,15.5,181.0,4.0,0.0,0.0,1535.0,19.5,307.0,3.9
Kebab,1.0,2.0,2.0,5.0,86.0,4.5,101.0,9.0,541.0,8.0,728.0,21.5,145.6,4.3
Turkish,3.0,1.0,1.0,5.0,534.0,12.5,103.0,4.5,75.0,3.5,712.0,20.5,142.4,4.1
Filipino,3.0,1.0,1.0,5.0,1125.0,12.5,95.0,3.5,147.0,4.0,1367.0,20.0,273.4,4.0
Szechuan,4.0,0.0,0.0,4.0,1311.0,14.5,0.0,0.0,0.0,0.0,1311.0,14.5,327.75,3.625
Taiwanese,3.0,1.0,0.0,4.0,773.0,12.0,106.0,3.5,0.0,0.0,879.0,15.5,219.75,3.875
Tapas Bars,1.0,1.0,2.0,4.0,517.0,4.0,746.0,3.5,858.0,8.0,2121.0,15.5,530.25,3.875
Creperies,2.0,1.0,1.0,4.0,702.0,7.5,459.0,3.5,6.0,4.0,1167.0,15.0,291.75,3.75
Pasta Shops,1.0,0.0,3.0,4.0,203.0,4.5,0.0,0.0,844.0,12.0,1047.0,16.5,261.75,4.125
Southern,1.0,2.0,1.0,4.0,213.0,4.0,122.0,7.5,433.0,3.5,768.0,15.0,192.0,3.75
Hot Dogs,0.0,2.0,2.0,4.0,0.0,0.0,753.0,7.5,397.0,6.0,1150.0,13.5,287.5,3.375
German,1.0,2.0,1.0,4.0,6.0,3.0,303.0,8.5,187.0,3.0,496.0,14.5,124.0,3.625
Imported Food,0.0,3.0,1.0,4.0,0.0,0.0,902.0,12.5,95.0,3.5,997.0,16.0,249.25,4.0
African,3.0,1.0,0.0,4.0,248.0,11.5,119.0,4.0,0.0,0.0,367.0,15.5,91.75,3.875
Arcades,1.0,1.0,2.0,4.0,72.0,3.5,35.0,3.0,327.0,5.0,434.0,11.5,108.5,2.875
Kosher,0.0,3.0,1.0,4.0,0.0,0.0,235.0,12.0,68.0,4.0,303.0,16.0,75.75,4.0
Bowling,3.0,0.0,0.0,3.0,323.0,9.0,0.0,0.0,0.0,0.0,323.0,9.0,107.66666666666667,3.0
Caribbean,3.0,0.0,0.0,3.0,859.0,11.0,0.0,0.0,0.0,0.0,859.0,11.0,286.3333333333333,3.6666666666666665
Specialty Food,1.0,2.0,0.0,3.0,187.0,4.5,226.0,8.0,0.0,0.0,413.0,12.5,137.66666666666666,4.166666666666667
Ice Cream & Frozen Yogurt,0.0,1.0,2.0,3.0,0.0,0.0,140.0,3.0,403.0,7.0,543.0,10.0,181.0,3.3333333333333335
Izakaya,1.0,1.0,1.0,3.0,708.0,4.0,172.0,4.0,788.0,4.0,1668.0,12.0,556.0,4.0
Dive Bars,2.0,0.0,1.0,3.0,781.0,7.5,0.0,0.0,69.0,4.0,850.0,11.5,283.3333333333333,3.8333333333333335
Brazilian,1.0,2.0,0.0,3.0,267.0,4.0,80.0,8.5,0.0,0.0,347.0,12.5,115.66666666666667,4.166666666666667
Argentine,1.0,2.0,0.0,3.0,175.0,3.5,333.0,7.0,0.0,0.0,508.0,10.5,169.33333333333334,3.5
Food Court,1.0,0.0,2.0,3.0,7.0,2.0,0.0,0.0,173.0,7.5,180.0,9.5,60.0,3.1666666666666665
Meat Shops,2.0,1.0,0.0,3.0,70.0,6.5,33.0,2.5,0.0,0.0,103.0,9.0,34.333333333333336,3.0
Music Venues,0.0,2.0,1.0,3.0,0.0,0.0,243.0,7.5,158.0,4.0,401.0,11.5,133.66666666666666,3.8333333333333335
Beer Gardens,0.0,1.0,2.0,3.0,0.0,0.0,335.0,3.5,358.0,7.0,693.0,10.5,231.0,3.5
Waffles,0.0,1.0,1.0,2.0,0.0,0.0,423.0,3.5,459.0,3.5,882.0,7.0,441.0,3.5
Fondue,2.0,0.0,0.0,2.0,608.0,7.5,0.0,0.0,0.0,0.0,608.0,7.5,304.0,3.75
Cafeteria,1.0,1.0,0.0,2.0,6.0,4.5,4.0,4.0,0.0,0.0,10.0,8.5,5.0,4.25
Shanghainese,2.0,0.0,0.0,2.0,1554.0,7.5,0.0,0.0,0.0,0.0,1554.0,7.5,777.0,3.75
Gelato,1.0,1.0,0.0,2.0,88.0,4.5,97.0,4.0,0.0,0.0,185.0,8.5,92.5,4.25
Cheese Shops,1.0,1.0,0.0,2.0,697.0,4.5,54.0,4.0,0.0,0.0,751.0,8.5,375.5,4.25
International Grocery,1.0,0.0,1.0,2.0,36.0,4.5,0.0,0.0,49.0,3.0,85.0,7.5,42.5,3.75
Colombian,1.0,0.0,1.0,2.0,7.0,2.5,0.0,0.0,181.0,4.0,188.0,6.5,94.0,3.25
Restaurants,2.0,0.0,0.0,2.0,22.0,5.5,0.0,0.0,0.0,0.0,22.0,5.5,11.0,2.75
Tacos,1.0,1.0,0.0,2.0,201.0,4.0,153.0,4.0,0.0,0.0,354.0,8.0,177.0,4.0
Irish Pub,0.0,1.0,1.0,2.0,0.0,0.0,443.0,3.5,392.0,4.0,835.0,7.5,417.5,3.75
Drugstores,0.0,2.0,0.0,2.0,0.0,0.0,47.0,6.5,0.0,0.0,47.0,6.5,23.5,3.25
Modern European,0.0,2.0,0.0,2.0,0.0,0.0,102.0,8.0,0.0,0.0,102.0,8.0,51.0,4.0
Food Stands,0.0,1.0,1.0,2.0,0.0,0.0,34.0,4.5,842.0,4.5,876.0,9.0,438.0,4.5
Haitian,1.0,1.0,0.0,2.0,78.0,3.5,155.0,4.0,0.0,0.0,233.0,7.5,116.5,3.75
Basque,0.0,0.0,1.0,1.0,0.0,0.0,0.0,0.0,746.0,3.5,746.0,3.5,746.0,3.5
Brewpubs,1.0,0.0,0.0,1.0,429.0,3.0,0.0,0.0,0.0,0.0,429.0,3.0,429.0,3.0
Venezuelan,1.0,0.0,0.0,1.0,181.0,4.0,0.0,0.0,0.0,0.0,181.0,4.0,181.0,4.0
Bubble Tea,1.0,0.0,0.0,1.0,136.0,4.0,0.0,0.0,0.0,0.0,136.0,4.0,136.0,4.0
Burmese,1.0,0.0,0.0,1.0,616.0,4.0,0.0,0.0,0.0,0.0,616.0,4.0,616.0,4.0
Teppanyaki,0.0,1.0,0.0,1.0,0.0,0.0,155.0,3.5,0.0,0.0,155.0,3.5,155.0,3.5
Bagels,0.0,0.0,1.0,1.0,0.0,0.0,0.0,0.0,3.0,5.0,3.0,5.0,3.0,5.0
Whiskey Bars,0.0,0.0,1.0,1.0,0.0,0.0,0.0,0.0,486.0,4.5,486.0,4.5,486.0,4.5
Puerto Rican,0.0,1.0,0.0,1.0,0.0,0.0,168.0,3.5,0.0,0.0,168.0,3.5,168.0,3.5
Soul Food,0.0,1.0,0.0,1.0,0.0,0.0,9.0,4.5,0.0,0.0,9.0,4.5,9.0,4.5
Pancakes,0.0,0.0,1.0,1.0,0.0,0.0,0.0,0.0,423.0,3.5,423.0,3.5,423.0,3.5
Fruits & Veggies,0.0,1.0,0.0,1.0,0.0,0.0,88.0,4.0,0.0,0.0,88.0,4.0,88.0,4.0
Juice Bars & Smoothies,1.0,0.0,0.0,1.0,26.0,3.5,0.0,0.0,0.0,0.0,26.0,3.5,26.0,3.5
Kids Activities,0.0,0.0,1.0,1.0,0.0,0.0,0.0,0.0,35.0,3.0,35.0,3.0,35.0,3.0
Fish & Chips,0.0,1.0,0.0,1.0,0.0,0.0,547.0,3.5,0.0,0.0,547.0,3.5,547.0,3.5
Malaysian,0.0,0.0,1.0,1.0,0.0,0.0,0.0,0.0,195.0,3.5,195.0,3.5,195.0,3.5
Egyptian,0.0,1.0,0.0,1.0,0.0,0.0,310.0,4.5,0.0,0.0,310.0,4.5,310.0,4.5
Eatertainment,0.0,0.0,1.0,1.0,0.0,0.0,0.0,0.0,403.0,3.5,403.0,3.5,403.0,3.5
Mongolian,0.0,1.0,0.0,1.0,0.0,0.0,205.0,4.0,0.0,0.0,205.0,4.0,205.0,4.0
Dominican,1.0,0.0,0.0,1.0,168.0,3.5,0.0,0.0,0.0,0.0,168.0,3.5,168.0,3.5
Party & Event Planning,0.0,0.0,1.0,1.0,0.0,0.0,0.0,0.0,174.0,3.5,174.0,3.5,174.0,3.5
Somali,1.0,0.0,0.0,1.0,23.0,5.0,0.0,0.0,0.0,0.0,23.0,5.0,23.0,5.0
Performing Arts,0.0,0.0,1.0,1.0,0.0,0.0,0.0,0.0,197.0,3.5,197.0,3.5,197.0,3.5
Pool Halls,1.0,0.0,0.0,1.0,251.0,3.5,0.0,0.0,0.0,0.0,251.0,3.5,251.0,3.5
Convenience Stores,0.0,0.0,1.0,1.0,0.0,0.0,0.0,0.0,19.0,4.0,19.0,4.0,19.0,4.0
Gay Bars,1.0,0.0,0.0,1.0,401.0,4.0,0.0,0.0,0.0,0.0,401.0,4.0,401.0,4.0
Comedy Clubs,1.0,0.0,0.0,1.0,43.0,4.5,0.0,0.0,0.0,0.0,43.0,4.5,43.0,4.5
Seafood Markets,0.0,0.0,1.0,1.0,0.0,0.0,0.0,0.0,124.0,3.5,124.0,3.5,124.0,3.5
Shopping Centers,1.0,0.0,0.0,1.0,190.0,4.0,0.0,0.0,0.0,0.0,190.0,4.0,190.0,4.0
Smokehouse,1.0,0.0,0.0,1.0,529.0,3.5,0.0,0.0,0.0,0.0,529.0,3.5,529.0,3.5
Social Clubs,0.0,1.0,0.0,1.0,0.0,0.0,294.0,3.5,0.0,0.0,294.0,3.5,294.0,3.5
Wraps,0.0,0.0,1.0,1.0,0.0,0.0,0.0,0.0,56.0,4.0,56.0,4.0,56.0,4.0
